Random forest nuisance done
Two-year lag of internet done
Without lagged growth done
Three interior knots done
Six interior knots done
Unpenalised sieve done
Broadband as treatment done
No Mundlak means done
Pre-COVID sample, 1996-2019 done
Excluding 2020-2021 done
WDI data, PWT 11.0 countries, 1996-2023 done
PWT 11.0 sample, 1996-2023 done
PWT 11.0, 1996-2019 done
PWT 10.0 sample, 1996-2019 done
PWT 11.0: outcome TFP growth done
lp Random forest nuisance done
lp Two-year lag of internet done
lp Without lagged growth done
lp Pre-COVID sample, 1996-2019 done
lp Excluding 2020-2021 done
lp WDI data, PWT 11.0 countries, 1996-2023 done
lp PWT 11.0 sample, 1996-2023 done
lp PWT 11.0, 1996-2019 done
lp PWT 10.0 sample, 1996-2019 done
lp PWT 11.0: outcome TFP growth done
                                                         spec    avg  avg_se   wald_const  df_const  p_const      wald_lin  df_lin  p_lin    lambda  eff_lo_end  eff_hi_end  gate_low  gate_low_se  gate_mid  gate_mid_se  gate_high  gate_high_se  gate_diff  gate_diff_se  gate_diff_p  blp_slope  blp_slope_se  blp_p
0                      Baseline (LightGBM, Z = human capital) -0.941   1.132        4.448         7    0.727  3.072000e+00       6  0.800     0.000       0.216       1.117    -1.019        2.177    -1.930        1.353      0.128         1.371      1.148         2.742        0.676      0.133         0.381  0.728
1                       Dose response in internet penetration -0.002   2.567  1022323.857         6    0.000           NaN       0    NaN  1000.000       0.222      -0.045       NaN          NaN       NaN          NaN        NaN           NaN        NaN           NaN          NaN        NaN           NaN    NaN
2                             Z = initial labour productivity  1.059   1.362       50.431         7    0.000  2.490700e+01       6  0.000     0.000       3.925      -2.653     7.422        2.971    -2.182        1.878     -2.065         1.869     -9.488         3.464        0.006     -2.204         1.389  0.112
3                                      Random forest nuisance -1.270   1.134        9.706         5    0.084  6.219700e+01       5  0.000  1000.000      -4.158       1.117    -3.108        2.004    -1.155        1.119      0.455         1.531      3.563         2.730        0.192      0.468         0.375  0.211
4                                    Two-year lag of internet -1.423   1.208        2.971         6    0.812  3.171570e+02       6  0.000  1000.000      -4.142       1.209    -3.276        2.273    -1.485        1.227      0.495         1.352      3.771         2.812        0.180      0.526         0.422  0.213
5                                       Without lagged growth -0.697   1.158        5.006         6    0.543  1.503300e+01       6  0.020     0.000       1.632       1.084    -0.349        2.286    -1.895        1.410      0.155         1.381      0.504         2.765        0.855      0.202         0.402  0.615
6                                        Three interior knots -0.960   1.124    13307.496         6    0.000  2.146680e+02       5  0.000     0.000       0.457       1.157    -0.906        2.206    -2.050        1.330      0.079         1.372      0.984         2.762        0.722      0.133         0.381  0.728
7                                          Six interior knots -0.984   1.123        4.945         7    0.667  4.741000e+00       7  0.692     0.001      -0.135       1.135    -1.111        2.196    -2.000        1.349      0.163         1.385      1.274         2.789        0.648      0.133         0.381  0.728
8                                           Unpenalised sieve -1.342   1.236        6.112         7    0.527  6.102000e+00       6  0.412     0.000       5.437       0.053    -1.190        2.538    -2.806        1.773     -0.026         1.578      1.164         3.055        0.703      0.133         0.381  0.728
9                                      Broadband as treatment -4.514   3.548       42.719         4    0.000 -3.267726e+12       5  1.000  1000.000      -7.745      -1.525    -6.630        7.398    -4.487        3.460     -2.423         2.192      4.208         8.217        0.609      0.630         1.421  0.657
10                                           No Mundlak means -0.425   0.962       13.191         5    0.022  1.043000e+00       5  0.959  1000.000      -3.617       2.146    -2.549        1.765    -0.293        0.947      1.569         1.249      4.118         2.343        0.079      0.603         0.344  0.079
11                                Pre-COVID sample, 1996-2019 -1.749   1.509        0.191         6    1.000  2.154120e+02       6  0.000  1000.000      -2.736      -0.698    -2.425        2.729    -1.750        1.500     -1.071         1.552      1.354         3.224        0.675      0.194         0.480  0.687
12                                        Excluding 2020-2021 -1.010   1.113        8.441         6    0.208  7.154000e+00       6  0.307     0.000       1.482       1.153    -0.695        2.065    -2.368        1.402      0.034         1.399      0.729         2.651        0.783      0.210         0.391  0.592
13                    WDI data, PWT 11.0 countries, 1996-2023 -1.436   1.719        2.085         7    0.955  1.934000e+00       6  0.926     0.000      -0.660      -0.861    -2.187        4.314    -1.750        1.955     -0.368         1.835      1.819         5.310        0.732      0.469         0.602  0.436
14                                 PWT 11.0 sample, 1996-2023 -1.915   1.474        9.150         6    0.165  5.974100e+01       6  0.000     0.000      -9.619       1.200    -5.751        3.844    -0.612        1.377      0.618         1.101      6.369         4.180        0.128      3.918         2.659  0.141
15                                        PWT 11.0, 1996-2019 -1.475   1.841        8.088         5    0.151  1.917800e+01       5  0.002     0.000      -7.283       0.775    -4.397        4.662    -0.446        1.660      0.418         1.137      4.816         5.075        0.343      2.954         3.137  0.346
16                                 PWT 10.0 sample, 1996-2019 -3.107   2.006       46.986         6    0.000  4.452400e+01       6  0.000     0.000     -12.565       0.269    -6.978        5.402    -1.483        1.732     -0.855         0.978      6.123         5.649        0.278      2.954         3.191  0.355
17                               PWT 11.0: outcome TFP growth -2.406   1.586       10.451         6    0.107  4.523500e+01       6  0.000  1000.000      -5.831       0.310    -4.521        3.204    -2.035        1.565     -0.661         1.390      3.861         3.693        0.296      2.950         2.590  0.255
18                   Z = productivity: Random forest nuisance -0.996   1.169       26.823         7    0.000  1.305100e+01       6  0.042     0.000      -0.606      -4.215     0.100        2.396    -0.150        1.433     -2.937         1.442     -3.036         2.936        0.301     -1.477         1.298  0.255
19                 Z = productivity: Two-year lag of internet  0.445   1.964       27.317         7    0.000  1.794600e+01       6  0.006     0.000       0.631      -3.094     4.899        5.312    -1.056        1.729     -2.508         1.809     -7.407         5.580        0.184     -1.384         1.593  0.385
20                    Z = productivity: Without lagged growth  0.382   1.720      132.121         7    0.000  6.920700e+01       6  0.000     0.000      -0.123      -2.210     5.065        4.593    -1.995        1.783     -1.926         1.594     -6.991         4.913        0.155     -1.944         1.549  0.210
21              Z = productivity: Pre-COVID sample, 1996-2019 -0.069   2.077       22.985         7    0.002  9.896000e+00       6  0.129     0.000      -0.193      -5.543     3.974        4.842    -2.419        2.642     -1.765         2.130     -5.739         5.211        0.271     -2.193         1.610  0.173
22                      Z = productivity: Excluding 2020-2021 -0.499   1.402       33.944         7    0.000  1.805300e+01       6  0.006     0.000      -1.932      -3.201     2.912        3.404    -2.345        2.000     -2.065         1.879     -4.978         3.936        0.206     -2.493         1.389  0.073
23  Z = productivity: WDI data, PWT 11.0 countries, 1996-2023  0.804   1.467       30.235         7    0.000  1.074900e+01       6  0.096     0.000      -2.402      -4.533     6.259        3.444    -1.341        1.816     -2.513         2.706     -8.772         4.258        0.039     -1.561         2.299  0.497
24               Z = productivity: PWT 11.0 sample, 1996-2023 -1.395   1.225        2.740         6    0.841  1.273600e+01       6  0.047     0.000      -4.564      -1.360    -3.138        2.479    -0.461        1.264     -0.587         1.804      2.551         3.374        0.450      1.393         1.539  0.366
25                      Z = productivity: PWT 11.0, 1996-2019 -1.395   1.488        3.420         6    0.755  2.183006e+03       6  0.000     0.002      -4.743       0.161    -3.169        2.973    -0.958        1.477     -0.057         2.130      3.112         4.139        0.452      1.616         1.928  0.402
26               Z = productivity: PWT 10.0 sample, 1996-2019 -6.277   2.198       49.540         7    0.000  2.183400e+01       6  0.001     0.000     -42.206      -2.090   -17.194        5.539    -1.927        1.787      0.302         2.138     17.496         5.844        0.003      4.221         2.068  0.041
27             Z = productivity: PWT 11.0: outcome TFP growth -2.052   1.403        7.718         7    0.358  7.506000e+00       6  0.277     0.000      -5.907     -10.187    -2.946        2.987    -1.558        1.596     -1.652         1.939      1.294         3.608        0.720     -0.021         1.762  0.991
{
 "twfe_b": -1.2325846795966424,
 "twfe_se": 0.7675054747364457,
 "twfe_int_b": -1.5972710055248722,
 "twfe_int_se": 1.4516277822061765,
 "twfe_int_dz": 0.03802855148355293,
 "twfe_int_dz_se": 0.12875259319019927,
 "twfe_lp_dz": -1.9123221967067503,
 "twfe_lp_dz_se": 0.5155009320225277,
 "fedml_b": -1.1108079846901897,
 "fedml_se": 1.1354397677988366
}
